intrinsicMatrixL: 
 first: [915.7160,-1.5850,651.1425]
 second: [0,914.1545,488.7840]
 third: [0,0,1]
distortionMatrixL: [0.0166,-0.0599,-0.0005214,-0.0026,0.0149]
intrinsicMatrixR: 
 first: [907.1215,-0.7014,669.5296]
 second: [0,905.7918,493.7338]
 third: [0,0,1]
distortionMatrixR: [0.0363,-0.0819,0.00023,0.00046,0.0399]
transMatrix:
 first: [0.6216,-0.1545,0.7680]
 second: [-0.0397,0.9729,0.2279]
 third: [-0.7823,-0.1721,0.5986]
 translation: [-346.438,-33.486,339.086]
