intrinsicMatrixL: 
 first: [924.0347,-2.0165,643.5059]
 second: [0,923.4508,487.6865]
 third: [0,0,1]
distortionMatrixL: [0.0278,-0.0517,0.00059,-0.0025,0.00065]
intrinsicMatrixR: 
 first: [908.1221,-2.4286,652.3179]
 second: [0,908.2021,501.0547]
 third: [0,0,1]
distortionMatrixR: [0.0439,-0.0773,0.0017,-0.0037,0.0154]
transMatrix:
 first: [0.8047,-0.1374,0.5776]
 second: [0.1268,0.9902,0.0588]
 third: [-0.5800,0.0259,0.8142]
 translation: [-436.193,-87.783,128.033]
