intrinsicMatrixL: 
 first: [905.9960,-1.6822,640.0387]
 second: [0,904.4261,520.3141]
 third: [0,0,1]
distortionMatrixL: [0.0490,-0.1636,0.00069,-0.0081,0.1321]
intrinsicMatrixR: 
 first: [909.5287,-2.6292,655.9754]
 second: [0,908.5960,524.7954]
 third: [0,0,1]
distortionMatrixR: [0.0543,-0.1509,0.0016,-0.0048,0.0992]
transMatrix:
 first: [0.9999,-0.0027,-0.0150]
 second: [0.0026,1.0,-0.0067]
 third: [0.0150,0.0067,0.9999]
 translation: [-64.466,-0.666,2.648]
